11 03 2011 05 46 43 -0.206437538904799  
11 03 2011 05 46 54 -0.197476810286382  
11 03 2011 05 46 57 -0.35882268728716 
11 03 2011 05 47 11 -0.230617365669522  
11 03 2011 05 47 19 -0.473812890050326  
11 03 2011 05 47 21 -0.246637400429573  
11 03 2011 05 47 35 -0.133199478811934  
11 03 2011 05 47 38 -0.914798845812713  
11 03 2011 05 47 51 -0.604822687573542  
11 03 2011 05 47 57 -0.425404901575099  
11 03 2011 05 48 10 -0.366483823335929  
11 03 2011 05 48 13 -0.749348490336707  
11 03 2011 05 48 27 -0.178105568719069  
11 03 2011 05 48 29 -0.718861959098316  
11 03 2011 05 48 48 -0.702042144860702  
11 03 2011 05 48 51 -0.302206601861481  
11 03 2011 05 49 02 -0.81578023  
11 03 2011 05 49 04 -0.5204217  
11 03 2011 05 49 15 -0.77147681  
11 03 2011 05 49 21 -0.4613503  
11 03 2011 05 49 32 -0.6237975  
11 03 2011 05 49 37 -0.4908858  
11 03 2011 05 49 53 -0.5499581  
11 03 2011 05 49 56 -0.4170464  
11 03 2011 05 50 18 -0.5056542  
11 03 2011 05 50 26 -0.2989027  
11 03 2011 05 50 42 -0.3875105  
11 03 2011 05 50 48 -0.1069198  
11 03 2011 05 51 01 -0.3136711  
11 03 2011 05 51 07 -0.1364558  
11 03 2011 05 51 17 -0.1955273  
11 03 2011 05 51 28 -0.0330803999999999  
11 03 2011 05 51 47 -0.0035442  
11 03 2011 05 52 06 0.1145992  
11 03 2011 05 52 25 0.262278  
11 03 2011 05 52 50 0.39519  
11 03 2011 05 53 25 0.601941  
11 03 2011 05 53 52 0.779156  
11 03 2011 05 54 27 0.838228  
11 03 2011 05 54 33 0.882532  
11 03 2011 05 54 44 0.793924  
11 03 2011 05 55 05 0.838228  
11 03 2011 05 55 51 0.897299  
11 03 2011 05 56 29 0.956371  
11 03 2011 05 56 51 1.015443  
11 03 2011 05 57 16 1.030211  
11 03 2011 05 57 45 1.000675  
11 03 2011 05 57 56 0.985907  
11 03 2011 05 58 07 0.941603  
11 03 2011 05 58 18 0.912068  
11 03 2011 05 58 34 0.897299  
11 03 2011 05 58 45 0.985907  
11 03 2011 05 58 56 1.133587  
11 03 2011 05 59 12 1.473249  
11 03 2011 05 59 23 1.739072  
11 03 2011 05 59 29 2.167342  
11 03 2011 05 59 39 2.566076  
11 03 2011 05 59 50 3.053418  
11 03 2011 06 00 01 3.496456  
11 03 2011 06 00 09 3.880422  
11 03 2011 06 00 17 4.072405  
11 03 2011 06 00 26 4.234852  
11 03 2011 06 00 28 4.279156  
11 03 2011 06 00 42 4.264388  
11 03 2011 06 00 58 3.998565  
11 03 2011 06 01 06 3.46692  
11 03 2011 06 01 25 2.625148  
11 03 2011 06 01 41 1.960591  
11 03 2011 06 01 58 1.384641  
11 03 2011 06 02 11 1.17789  
11 03 2011 06 02 36 1.148354  
11 03 2011 06 02 52 1.192658  
11 03 2011 06 03 22 1.133587  
11 03 2011 06 03 35 1.059747  
11 03 2011 06 03 52 1.044979  
11 03 2011 06 04 11 1.133587  
11 03 2011 06 04 27 1.25173  
11 03 2011 06 04 54 1.17789  
11 03 2011 06 05 21 0.779156  
11 03 2011 06 05 40 0.46903  
11 03 2011 06 06 07 0.336118  
11 03 2011 06 06 34 0.32135  
11 03 2011 06 06 59 0.350886  
11 03 2011 06 07 29 0.409958  
11 03 2011 06 07 53 0.350886  
11 03 2011 06 08 12 0.232742  
11 03 2011 06 08 26 0.1441352  
11 03 2011 06 08 50 0.1145992  
11 03 2011 06 09 06 0.1589027  
11 03 2011 06 09 31 0.203207  
11 03 2011 06 09 55 0.232742  
11 03 2011 06 10 31 0.262278  
11 03 2011 06 10 55 0.262278  
