   1.0000000e+00   4.5402992e+01   1.4175044e+02
   2.0000000e+00   4.4433686e+01   1.4322418e+02
   3.0000000e+00   4.4397951e+01   1.4175631e+02
   4.0000000e+00   4.3915690e+01   1.4467584e+02
   5.0000000e+00   4.3507860e+01   1.4444901e+02
   7.0000000e+00   4.3589658e+01   1.4248248e+02
   8.0000000e+00   4.3854011e+01   1.4151037e+02
   9.0000000e+00   4.3070079e+01   1.4512962e+02
   1.0000000e+01   4.2963261e+01   1.4443194e+02
   1.1000000e+01   4.3028625e+01   1.4345923e+02
   1.2000000e+01   4.2980515e+01   1.4240197e+02
   1.3000000e+01   4.3177853e+01   1.4103092e+02
   1.4000000e+01   4.2983252e+01   1.4173067e+02
   1.5000000e+01   4.2321594e+01   1.4333100e+02
   1.6000000e+01   4.2356904e+01   1.4236460e+02
   1.7000000e+01   4.2450735e+01   1.3985767e+02
   1.8000000e+01   4.2374215e+01   1.4094241e+02
   1.9000000e+01   4.2005855e+01   1.4315653e+02
   2.0000000e+01   4.2153546e+01   1.3951960e+02
   2.1000000e+01   4.2008074e+01   1.4010732e+02
   2.2000000e+01   4.1826073e+01   1.4074783e+02
   2.3000000e+01   4.1466376e+01   1.4004065e+02
   2.4000000e+01   4.1300772e+01   1.4121328e+02
   2.6000000e+01   4.0778984e+01   1.4027298e+02
   2.7000000e+01   4.0133448e+01   1.4178910e+02
   2.9000000e+01   3.9110623e+01   1.4120392e+02
   3.0000000e+01   3.9967902e+01   1.3977615e+02
   3.1000000e+01   3.9398696e+01   1.4004824e+02
   3.2000000e+01   3.8894602e+01   1.3980885e+02
   3.3000000e+01   3.8758594e+01   1.4031874e+02
   3.5000000e+01   3.8331026e+01   1.4036609e+02
   3.7000000e+01   3.8317486e+01   1.4095418e+02
   4.0000000e+01   3.7643695e+01   1.3979151e+02
   4.1000000e+01   3.7090712e+01   1.4090252e+02
   4.2000000e+01   3.6539927e+01   1.4061184e+02
   4.3000000e+01   3.6401846e+01   1.3972642e+02
   4.4000000e+01   3.6697025e+01   1.3890626e+02
   4.5000000e+01   3.6259030e+01   1.3886541e+02
   4.6000000e+01   3.6499765e+01   1.3785112e+02
   4.7000000e+01   3.5923579e+01   1.3794381e+02
   4.8000000e+01   3.5590334e+01   1.3858330e+02
   4.9000000e+01   3.8230688e+01   1.3950957e+02
   5.0000000e+01   3.7896469e+01   1.3898886e+02
   5.1000000e+01   3.7397678e+01   1.3857440e+02
   5.2000000e+01   3.6928956e+01   1.3748723e+02
   5.3000000e+01   3.7382374e+01   1.3688917e+02
   5.4000000e+01   3.6663410e+01   1.3664994e+02
   5.5000000e+01   3.6231171e+01   1.3617297e+02
   5.6000000e+01   3.5602559e+01   1.3610581e+02
   5.7000000e+01   3.5549902e+01   1.3523338e+02
   5.8000000e+01   3.6135991e+01   1.3734791e+02
   5.9000000e+01   3.5800482e+01   1.3724837e+02
   6.0000000e+01   3.5526070e+01   1.3690002e+02
   6.1000000e+01   3.5396763e+01   1.3746757e+02
   6.2000000e+01   3.5094726e+01   1.3615823e+02
   6.3000000e+01   3.5128107e+01   1.3704128e+02
   6.4000000e+01   3.4758996e+01   1.3650229e+02
   6.5000000e+01   3.4465386e+01   1.3685113e+02
   6.6000000e+01   3.4060656e+01   1.3619836e+02
   6.7000000e+01   3.4837997e+01   1.3550097e+02
   6.8000000e+01   3.4392299e+01   1.3585141e+02
   6.9000000e+01   3.4157684e+01   1.3522149e+02
   7.0000000e+01   3.3483359e+01   1.3576441e+02
   7.1000000e+01   3.4784810e+01   1.3455039e+02
   1.0100000e+02   4.5335826e+01   1.4216974e+02
   1.0200000e+02   4.5275968e+01   1.4103821e+02
   1.0300000e+02   4.5002398e+01   1.4253709e+02
   1.0400000e+02   4.4892461e+01   1.4174140e+02
   1.0500000e+02   4.4728496e+01   1.4226525e+02
   1.0600000e+02   4.4427048e+01   1.4133006e+02
   1.0700000e+02   4.4294568e+01   1.4262559e+02
   1.0800000e+02   4.4063872e+01   1.4402978e+02
   1.0900000e+02   4.4019183e+01   1.4518609e+02
   1.1000000e+02   4.4006778e+01   1.4215169e+02
   1.1100000e+02   4.4005620e+01   1.4333370e+02
   1.1200000e+02   4.2894514e+01   1.4392695e+02
   1.1300000e+02   4.3549398e+01   1.4498696e+02
   1.1400000e+02   4.3848896e+01   1.4378726e+02
   1.1500000e+02   4.3661823e+01   1.4513144e+02
   1.1600000e+02   4.3408688e+01   1.4477433e+02
   1.1700000e+02   4.3404679e+01   1.4143118e+02
   1.1800000e+02   4.3382527e+01   1.4511496e+02
   1.1900000e+02   4.3366853e+01   1.4580113e+02
   1.2000000e+02   4.3292584e+01   1.4059707e+02
   1.2100000e+02   4.3289471e+01   1.4356242e+02
   1.2200000e+02   4.3232934e+01   1.4432503e+02
   1.2300000e+02   4.3231993e+01   1.4329802e+02
   1.2400000e+02   4.3120607e+01   1.4412653e+02
   1.2500000e+02   4.3057595e+01   1.4484302e+02
   1.2600000e+02   4.3056828e+01   1.4049917e+02
   1.2700000e+02   4.2985252e+01   1.4054394e+02
   1.2800000e+02   4.2971377e+01   1.4129033e+02
   1.2900000e+02   4.2857888e+01   1.4088334e+02
   1.3000000e+02   4.2802717e+01   1.4060352e+02
   1.3100000e+02   4.2786434e+01   1.4023320e+02
   1.3200000e+02   4.2729440e+01   1.4186398e+02
   1.3300000e+02   4.2727237e+01   1.4229581e+02
   1.3400000e+02   4.2699268e+01   1.4310326e+02
   1.3500000e+02   4.2667876e+01   1.4107496e+02
   1.3600000e+02   4.2655530e+01   1.4160226e+02
   1.3700000e+02   4.2646290e+01   1.4082568e+02
   1.3800000e+02   4.2551646e+01   1.4346114e+02
   1.3900000e+02   4.2549800e+01   1.4136148e+02
   1.4000000e+02   4.2494360e+01   1.4035420e+02
   1.4100000e+02   4.2481279e+01   1.4206022e+02
   1.4200000e+02   4.2247726e+01   1.4256745e+02
   1.4300000e+02   4.2243677e+01   1.4025048e+02
   1.4400000e+02   4.2130935e+01   1.4293539e+02
   1.4500000e+02   4.2130849e+01   1.4000395e+02
   1.4600000e+02   4.2098606e+01   1.4056886e+02
   1.4700000e+02   4.2042968e+01   1.4080554e+02
   1.4900000e+02   4.1599025e+01   1.4031589e+02
   1.5000000e+02   4.1455297e+01   1.4088051e+02
   1.5100000e+02   4.1043221e+01   1.4063589e+02
   1.5200000e+02   4.0968243e+01   1.4136796e+02
   1.5300000e+02   4.0625069e+01   1.4119783e+02
   1.5400000e+02   4.0577642e+01   1.3992812e+02
   1.5500000e+02   4.0523653e+01   1.4057815e+02
   1.5600000e+02   4.0515359e+01   1.4151128e+02
   1.5700000e+02   4.0291075e+01   1.4107648e+02
   1.5800000e+02   4.0405200e+01   1.4171313e+02
   1.5900000e+02   4.0291148e+01   1.4129369e+02
   1.6000000e+02   4.0048599e+01   1.4146195e+02
   1.6100000e+02   3.9980574e+01   1.4122506e+02
   1.6200000e+02   3.9869370e+01   1.4195054e+02
   1.6300000e+02   3.9851245e+01   1.4116486e+02
   1.6400000e+02   3.9849175e+01   1.4180385e+02
   1.6500000e+02   3.9701092e+01   1.4096450e+02
   1.6600000e+02   3.9596571e+01   1.4117211e+02
   1.6900000e+02   3.9338055e+01   1.4153416e+02
   1.7000000e+02   3.9253518e+01   1.4179804e+02
   1.7100000e+02   3.9023781e+01   1.4173985e+02
   1.7200000e+02   3.8902859e+01   1.4157259e+02
   1.7400000e+02   3.8748936e+01   1.4080164e+02
   1.7600000e+02   3.8539480e+01   1.4114754e+02
   1.7700000e+02   3.8411755e+01   1.4085137e+02
   1.7900000e+02   3.8029658e+01   1.4084399e+02
   1.8000000e+02   3.7989929e+01   1.4044257e+02
   1.8100000e+02   4.0325047e+01   1.4057735e+02
   1.8200000e+02   4.0271156e+01   1.4026366e+02
   1.8300000e+02   4.0215439e+01   1.4078733e+02
   1.8400000e+02   4.0247295e+01   1.4004868e+02
   1.8500000e+02   4.0006877e+01   1.4040199e+02
   1.8600000e+02   3.9936054e+01   1.4013238e+02
   1.8700000e+02   3.9749161e+01   1.4059704e+02
   1.8800000e+02   3.9658308e+01   1.4023421e+02
   1.8900000e+02   3.9549291e+01   1.4038662e+02
   1.9000000e+02   3.9327001e+01   1.4055978e+02
   1.9100000e+02   3.9206061e+01   1.3990772e+02
   1.9200000e+02   3.9164211e+01   1.4016198e+02
   1.9300000e+02   3.9051901e+01   1.4062959e+02
   1.9400000e+02   3.9185561e+01   1.3954766e+02
   1.9500000e+02   3.8759720e+01   1.3995737e+02
   1.9600000e+02   3.8594036e+01   1.3983177e+02
   1.9700000e+02   3.8146174e+01   1.3974225e+02
   1.9800000e+02   3.7963606e+01   1.4009353e+02
   1.9900000e+02   3.8197542e+01   1.4007757e+02
   2.0100000e+02   3.7560552e+01   1.4075508e+02
   2.0200000e+02   3.7566946e+01   1.4007268e+02
   2.0400000e+02   3.7473461e+01   1.3952863e+02
   2.0500000e+02   3.7325467e+01   1.4066211e+02
   2.0600000e+02   3.7302797e+01   1.3936435e+02
   2.0700000e+02   3.7281488e+01   1.3950377e+02
   2.0900000e+02   3.7261071e+01   1.3987143e+02
   2.1000000e+02   3.7126292e+01   1.4025993e+02
   2.1100000e+02   3.7089294e+01   1.4056164e+02
   2.1200000e+02   3.6862091e+01   1.4041327e+02
   2.1300000e+02   3.6650565e+01   1.4029342e+02
   2.1400000e+02   3.6800308e+01   1.4075391e+02
   2.1500000e+02   3.6364910e+01   1.4007795e+02
   2.1600000e+02   3.6344368e+01   1.4047633e+02
   2.1700000e+02   3.6854233e+01   1.4003926e+02
   2.1800000e+02   3.6665982e+01   1.3961925e+02
   2.1900000e+02   3.6598944e+01   1.3992347e+02
   2.2000000e+02   3.6769691e+01   1.3922490e+02
   2.2100000e+02   3.6507994e+01   1.3855271e+02
   2.2200000e+02   3.6421626e+01   1.3933039e+02
   2.2300000e+02   3.5986889e+01   1.3907569e+02
   2.2400000e+02   3.5895968e+01   1.3979599e+02
   2.2500000e+02   3.5657204e+01   1.4004809e+02
   2.2600000e+02   3.5243242e+01   1.4038491e+02
   2.2700000e+02   3.5002790e+01   1.3997489e+02
   2.2800000e+02   3.5663696e+01   1.3963065e+02
   2.2900000e+02   3.5336207e+01   1.3916260e+02
   2.3000000e+02   3.5268598e+01   1.3914241e+02
   2.3100000e+02   3.8465391e+01   1.3925335e+02
   2.3200000e+02   3.8319345e+01   1.3851309e+02
   2.3300000e+02   3.8063278e+01   1.3847168e+02
   2.3400000e+02   3.7929382e+01   1.3935147e+02
   2.3500000e+02   3.7815900e+01   1.3827307e+02
   2.3600000e+02   3.7685905e+01   1.3947789e+02
   2.3700000e+02   3.7667522e+01   1.3878051e+02
   2.3800000e+02   3.7662294e+01   1.3905912e+02
   2.3900000e+02   3.7467717e+01   1.3899801e+02
   2.4000000e+02   3.7311313e+01   1.3878998e+02
   2.4100000e+02   3.7231121e+01   1.3833357e+02
   2.4200000e+02   3.7166034e+01   1.3893372e+02
   2.4300000e+02   3.7160789e+01   1.3810019e+02
   2.4400000e+02   3.7079131e+01   1.3860872e+02
   2.4500000e+02   3.7045172e+01   1.3787385e+02
   2.4600000e+02   3.6993458e+01   1.3883085e+02
   2.4700000e+02   3.6865403e+01   1.3819867e+02
   2.4800000e+02   3.6740619e+01   1.3699613e+02
   2.4900000e+02   3.6634335e+01   1.3719520e+02
   2.5000000e+02   3.6578704e+01   1.3743990e+02
   2.5100000e+02   3.6401877e+01   1.3692056e+02
   2.5200000e+02   3.7850495e+01   1.3691927e+02
   2.5300000e+02   3.7446026e+01   1.3727005e+02
   2.5500000e+02   3.6394455e+01   1.3638894e+02
   2.5600000e+02   3.6165287e+01   1.3663395e+02
   2.5700000e+02   3.6145618e+01   1.3627895e+02
   2.5800000e+02   3.5984906e+01   1.3650492e+02
   2.5900000e+02   3.5945003e+01   1.3598976e+02
   2.6000000e+02   3.5792780e+01   1.3619739e+02
   2.6100000e+02   3.5534408e+01   1.3590764e+02
   2.6200000e+02   3.5462713e+01   1.3560888e+02
   2.6300000e+02   3.5855977e+01   1.3831640e+02
   2.6400000e+02   3.5746873e+01   1.3869513e+02
   2.6500000e+02   3.6801707e+01   1.3843617e+02
   2.6600000e+02   3.6706467e+01   1.3787233e+02
   2.6700000e+02   3.6665154e+01   1.3824747e+02
   2.6800000e+02   3.6386175e+01   1.3832252e+02
   2.6900000e+02   3.6346012e+01   1.3863780e+02
   2.7000000e+02   3.6322370e+01   1.3790282e+02
   2.7100000e+02   3.6208466e+01   1.3821649e+02
   2.7200000e+02   3.6130638e+01   1.3846097e+02
   2.7300000e+02   3.6121108e+01   1.3798301e+02
   2.7400000e+02   3.5783616e+01   1.3769626e+02
   2.7500000e+02   3.5556128e+01   1.3803832e+02
   2.7600000e+02   3.5521090e+01   1.3781524e+02
   2.7700000e+02   3.5317142e+01   1.3792527e+02
   2.7800000e+02   3.5246998e+01   1.3758767e+02
   2.7900000e+02   3.6335509e+01   1.3714717e+02
   2.8000000e+02   3.6033047e+01   1.3695276e+02
   2.8100000e+02   3.5973457e+01   1.3753487e+02
   2.8200000e+02   3.5866939e+01   1.3686318e+02
   2.8300000e+02   3.5757781e+01   1.3697530e+02
   2.8400000e+02   3.5657188e+01   1.3742477e+02
   2.8500000e+02   3.5636151e+01   1.3648877e+02
   2.8600000e+02   3.5632896e+01   1.3661139e+02
   2.8700000e+02   3.5612085e+01   1.3717414e+02
   2.8800000e+02   3.5488323e+01   1.3668728e+02
   2.8900000e+02   3.5478699e+01   1.3712469e+02
   2.9100000e+02   3.5371708e+01   1.3654974e+02
   2.9200000e+02   3.5367371e+01   1.3711023e+02
   2.9300000e+02   3.5261965e+01   1.3740561e+02
   2.9400000e+02   3.5227904e+01   1.3659344e+02
   2.9500000e+02   3.5031517e+01   1.3798042e+02
   2.9600000e+02   3.4986494e+01   1.3851568e+02
   2.9700000e+02   3.4865587e+01   1.3892225e+02
   2.9800000e+02   3.5334759e+01   1.3692998e+02
   2.9900000e+02   3.5190105e+01   1.3682883e+02
   3.0000000e+02   3.5138751e+01   1.3725356e+02
   3.0100000e+02   3.5039463e+01   1.3731316e+02
   3.0200000e+02   3.4994990e+01   1.3705978e+02
   3.0300000e+02   3.4919745e+01   1.3729994e+02
   3.0400000e+02   3.4823354e+01   1.3686764e+02
   3.0500000e+02   3.4794869e+01   1.3711900e+02
   3.0600000e+02   3.4648659e+01   1.3727784e+02
   3.0700000e+02   3.4609236e+01   1.3706807e+02
   3.0900000e+02   3.4913801e+01   1.3663650e+02
   3.1000000e+02   3.4742873e+01   1.3618345e+02
   3.1100000e+02   3.4547046e+01   1.3655066e+02
   3.1200000e+02   3.4433138e+01   1.3633426e+02
   3.1400000e+02   3.4253438e+01   1.3682061e+02
   3.1500000e+02   3.3875134e+01   1.3608590e+02
   3.1600000e+02   3.3741272e+01   1.3601090e+02
   3.1700000e+02   3.5557330e+01   1.3619795e+02
   3.1800000e+02   3.5466285e+01   1.3605367e+02
   3.1900000e+02   3.5351253e+01   1.3591321e+02
   3.2000000e+02   3.5318973e+01   1.3606283e+02
   3.2100000e+02   3.5269439e+01   1.3623561e+02
   3.2200000e+02   3.5137038e+01   1.3587081e+02
   3.2300000e+02   3.4986382e+01   1.3614504e+02
   3.2400000e+02   3.4939601e+01   1.3590617e+02
   3.2600000e+02   3.4869325e+01   1.3605483e+02
   3.2700000e+02   3.5752351e+01   1.3517322e+02
   3.2800000e+02   3.5555680e+01   1.3493229e+02
   3.2900000e+02   3.5292335e+01   1.3516403e+02
   3.3100000e+02   3.5163785e+01   1.3536690e+02
   3.3200000e+02   3.5077580e+01   1.3556452e+02
   3.3300000e+02   3.4988570e+01   1.3566544e+02
   3.3400000e+02   3.4746969e+01   1.3586415e+02
   3.3500000e+02   3.4777836e+01   1.3568545e+02
   3.3600000e+02   3.4677905e+01   1.3551849e+02
   3.3700000e+02   3.4527308e+01   1.3548134e+02
   3.3800000e+02   3.4479107e+01   1.3562733e+02
   3.3900000e+02   3.4424808e+01   1.3558695e+02
   3.4000000e+02   3.4406450e+01   1.3536416e+02
   3.4100000e+02   3.5436745e+01   1.3458249e+02
   3.4200000e+02   3.5314896e+01   1.3481850e+02
   3.4300000e+02   3.5105283e+01   1.3518190e+02
   3.4400000e+02   3.5094452e+01   1.3458596e+02
   3.4500000e+02   3.5090783e+01   1.3497259e+02
   3.4600000e+02   3.4997593e+01   1.3440378e+02
   3.4700000e+02   3.4984683e+01   1.3476730e+02
   3.4800000e+02   3.4976788e+01   1.3532600e+02
   3.4900000e+02   3.4944791e+01   1.3517642e+02
   3.5000000e+02   3.4897264e+01   1.3454524e+02
   3.5100000e+02   3.4812187e+01   1.3521591e+02
   3.5200000e+02   3.4804915e+01   1.3499723e+02
   3.5300000e+02   3.4790903e+01   1.3534178e+02
   3.5400000e+02   3.4786961e+01   1.3482878e+02
   3.5500000e+02   3.4724249e+01   1.3538038e+02
   3.5600000e+02   3.4686986e+01   1.3517229e+02
   3.5700000e+02   3.4669877e+01   1.3451957e+02
   3.5800000e+02   3.4669736e+01   1.3496571e+02
   3.5900000e+02   3.4577052e+01   1.3502407e+02
   3.6000000e+02   3.4493318e+01   1.3486097e+02
   3.6100000e+02   3.4349766e+01   1.3488153e+02
   3.6200000e+02   3.4334328e+01   1.3473519e+02
   3.6300000e+02   3.4223668e+01   1.3473654e+02
   3.6400000e+02   3.4567031e+01   1.3605039e+02
   3.6500000e+02   3.4539221e+01   1.3573100e+02
   3.6600000e+02   3.4388299e+01   1.3570417e+02
   3.6700000e+02   3.4038163e+01   1.3596374e+02
   3.6800000e+02   3.4256136e+01   1.3535796e+02
   3.6900000e+02   3.4271461e+01   1.3506597e+02
   3.7000000e+02   3.4221825e+01   1.3559012e+02
   3.7100000e+02   3.3961672e+01   1.3538486e+02
   3.7200000e+02   3.3913851e+01   1.3518008e+02
   3.7300000e+02   3.3815201e+01   1.3578208e+02
   3.7400000e+02   3.3785487e+01   1.3550840e+02
   3.7500000e+02   3.3744274e+01   1.3539618e+02
   3.7600000e+02   3.3583912e+01   1.3592071e+02
   3.7700000e+02   3.3505616e+01   1.3559920e+02
   5.0100000e+02   4.5137712e+01   1.4116710e+02
   5.0200000e+02   4.4582042e+01   1.4296446e+02
   5.0300000e+02   4.4219722e+01   1.4361567e+02
   5.0400000e+02   4.4191942e+01   1.4307682e+02
   5.0500000e+02   4.3988789e+01   1.4429330e+02
   5.0600000e+02   4.3908405e+01   1.4257772e+02
   5.0700000e+02   4.3828078e+01   1.4411526e+02
   5.0800000e+02   4.3738523e+01   1.4240961e+02
   5.0900000e+02   4.3740840e+01   1.4187385e+02
   5.1000000e+02   4.3771413e+01   1.4290302e+02
   5.1100000e+02   4.3670501e+01   1.4357816e+02
   5.1200000e+02   4.3232105e+01   1.4525895e+02
   5.1300000e+02   4.3438835e+01   1.4407962e+02
   5.1400000e+02   4.3336264e+01   1.4239535e+02
   5.1500000e+02   4.3307009e+01   1.4459766e+02
   5.1600000e+02   4.3248411e+01   1.4189093e+02
   5.1700000e+02   4.3209508e+01   1.4086062e+02
   5.1800000e+02   4.3165528e+01   1.4280973e+02
   5.1900000e+02   4.3195165e+01   1.4552050e+02
   5.2000000e+02   4.3077588e+01   1.4154012e+02
   5.2100000e+02   4.2938860e+01   1.4317057e+02
   5.2200000e+02   4.2884431e+01   1.4157742e+02
   5.2300000e+02   4.2773189e+01   1.4140709e+02
   5.2500000e+02   4.2551379e+01   1.4076762e+02
   5.2600000e+02   4.2473902e+01   1.4087637e+02
   5.2800000e+02   4.2123143e+01   1.4066687e+02
   5.2900000e+02   4.1976687e+01   1.4071544e+02
   5.3000000e+02   4.1803027e+01   1.4007123e+02
   5.3100000e+02   4.2982571e+01   1.4471915e+02
   5.3200000e+02   4.2125587e+01   1.4331570e+02
   5.3300000e+02   4.1404706e+01   1.4144759e+02
   5.3400000e+02   4.1185078e+01   1.4049077e+02
   5.3500000e+02   4.1145546e+01   1.4082199e+02
   5.3700000e+02   4.0862360e+01   1.4113181e+02
   5.3800000e+02   4.0706275e+01   1.4058923e+02
   5.3900000e+02   4.0676398e+01   1.4137621e+02
   5.4000000e+02   4.0624345e+01   1.4047853e+02
   5.4200000e+02   4.0910177e+01   1.4045157e+02
   5.4300000e+02   3.9953079e+01   1.4106633e+02
   5.4400000e+02   3.9351299e+01   1.4076918e+02
   5.4600000e+02   3.9143087e+01   1.4157549e+02
   5.4700000e+02   3.9596124e+01   1.4167529e+02
   5.4800000e+02   3.8546215e+01   1.4084787e+02
   5.4900000e+02   3.8425056e+01   1.4121291e+02
   5.5000000e+02   3.8301186e+01   1.4150069e+02
   5.5100000e+02   3.9891134e+01   1.3984893e+02
   5.5200000e+02   3.9825808e+01   1.4004472e+02
   5.5300000e+02   3.9702680e+01   1.4073285e+02
   5.5400000e+02   3.9199095e+01   1.4050669e+02
   5.5500000e+02   3.9015971e+01   1.3992750e+02
   5.5600000e+02   3.8496768e+01   1.4036515e+02
   5.5700000e+02   3.8148095e+01   1.4027114e+02
   5.5900000e+02   3.7615951e+01   1.4020565e+02
   5.6100000e+02   3.7424506e+01   1.4013588e+02
   5.6300000e+02   3.7097247e+01   1.3958616e+02
   5.6400000e+02   3.8056182e+01   1.3946169e+02
   5.6500000e+02   3.8023686e+01   1.3836988e+02
   5.6600000e+02   3.7535830e+01   1.3870694e+02
   5.6700000e+02   3.7348538e+01   1.3851637e+02
   5.6800000e+02   3.7319869e+01   1.3902025e+02
   5.6900000e+02   3.7056680e+01   1.3824259e+02
   5.7000000e+02   3.6950870e+01   1.3789387e+02
   5.7100000e+02   3.7752063e+01   1.3907391e+02
   5.7200000e+02   3.6736957e+01   1.3736951e+02
   5.7300000e+02   3.6649560e+01   1.3703190e+02
   5.7400000e+02   3.7306968e+01   1.3713854e+02
   5.7500000e+02   3.7156742e+01   1.3671876e+02
   5.7600000e+02   3.7123155e+01   1.3699607e+02
   5.7700000e+02   3.6817477e+01   1.3675565e+02
   5.7800000e+02   3.6370067e+01   1.3660533e+02
   5.7900000e+02   3.5968885e+01   1.3618499e+02
   5.8000000e+02   3.5836839e+01   1.3605598e+02
   5.8100000e+02   3.6743025e+01   1.4049760e+02
   5.8200000e+02   3.6300703e+01   1.3998777e+02
   5.8300000e+02   3.6114812e+01   1.3993150e+02
   5.8400000e+02   3.6031338e+01   1.4020244e+02
   5.8500000e+02   3.6952305e+01   1.4016476e+02
   5.8600000e+02   3.6979580e+01   1.3980575e+02
   5.8700000e+02   3.6776370e+01   1.3985426e+02
   5.8900000e+02   3.6624172e+01   1.3949059e+02
   5.9000000e+02   3.6542214e+01   1.4017931e+02
   5.9100000e+02   3.6616316e+01   1.3859145e+02
   5.9200000e+02   3.6234669e+01   1.3906664e+02
   5.9300000e+02   3.6142752e+01   1.3891242e+02
   5.9400000e+02   3.4761542e+01   1.3943402e+02
   5.9500000e+02   3.4737612e+01   1.3935859e+02
   5.9600000e+02   3.4519632e+01   1.3927093e+02
   5.9700000e+02   3.4333120e+01   1.3921094e+02
   5.9800000e+02   3.4239913e+01   1.3913757e+02
   5.9900000e+02   3.4093762e+01   1.3956176e+02
   6.0000000e+02   3.4075780e+01   1.3947881e+02
   6.0100000e+02   3.3884123e+01   1.3961285e+02
   6.0600000e+02   3.5649517e+01   1.3869038e+02
   6.0700000e+02   3.5511866e+01   1.3902578e+02
   6.0800000e+02   3.6239028e+01   1.3798455e+02
   6.0900000e+02   3.6228367e+01   1.3787175e+02
   6.1000000e+02   3.6284712e+01   1.3849928e+02
   6.1100000e+02   3.6084662e+01   1.3768263e+02
   6.1200000e+02   3.6026161e+01   1.3821448e+02
   6.1300000e+02   3.5974146e+01   1.3858303e+02
   6.1400000e+02   3.5880001e+01   1.3759827e+02
   6.1500000e+02   3.5726291e+01   1.3798389e+02
   6.1600000e+02   3.5343732e+01   1.3767640e+02
   6.1700000e+02   3.6261466e+01   1.3690427e+02
   6.1800000e+02   3.6285641e+01   1.3736302e+02
   6.1900000e+02   3.5911633e+01   1.3720067e+02
   6.2000000e+02   3.4855032e+01   1.3877652e+02
   6.2100000e+02   3.5204393e+01   1.3892835e+02
   6.2200000e+02   3.4679921e+01   1.3809829e+02
   6.2300000e+02   3.4677751e+01   1.3818296e+02
   6.2400000e+02   3.4666409e+01   1.3804652e+02
   6.2500000e+02   3.4634539e+01   1.3815904e+02
   6.2600000e+02   3.5047242e+01   1.3890689e+02
   6.2700000e+02   3.6103634e+01   1.4008631e+02
   6.2800000e+02   3.4698903e+01   1.3893933e+02
   6.2900000e+02   3.5239085e+01   1.3707357e+02
   6.3000000e+02   3.5168420e+01   1.3696580e+02
   6.3100000e+02   3.4984392e+01   1.3686275e+02
   6.3200000e+02   3.4904383e+01   1.3683188e+02
   6.3300000e+02   3.5050910e+01   1.3669425e+02
   6.3400000e+02   3.4854899e+01   1.3639326e+02
   6.3500000e+02   3.4648748e+01   1.3632976e+02
   6.3600000e+02   3.4431440e+01   1.3662840e+02
   6.3700000e+02   3.4208156e+01   1.3634293e+02
   6.3800000e+02   3.5420355e+01   1.3626475e+02
   6.3900000e+02   3.5085722e+01   1.3604120e+02
   6.4000000e+02   3.5685076e+01   1.3503405e+02
   6.4100000e+02   3.5482213e+01   1.3541583e+02
   6.4200000e+02   3.5275858e+01   1.3554952e+02
   6.4300000e+02   3.5053135e+01   1.3577330e+02
   6.4400000e+02   3.4952640e+01   1.3577239e+02
   6.4500000e+02   3.5621200e+01   1.3467738e+02
   6.4600000e+02   3.5461260e+01   1.3472871e+02
   6.4700000e+02   3.5237878e+01   1.3502203e+02
   6.4800000e+02   3.5162741e+01   1.3477122e+02
   6.4900000e+02   3.4936187e+01   1.3494503e+02
   6.5000000e+02   3.4311839e+01   1.3552835e+02
   6.5200000e+02   3.4025389e+01   1.3516774e+02
   6.5300000e+02   3.3554410e+01   1.3549620e+02
   7.5200000e+02   3.6539257e+01   1.3905673e+02
   7.5300000e+02   3.6003734e+01   1.3926933e+02
   7.5400000e+02   3.5884047e+01   1.3918220e+02
   7.5500000e+02   3.5800800e+01   1.3936597e+02
   7.5600000e+02   3.5288382e+01   1.4024916e+02
   7.5800000e+02   3.5616426e+01   1.3936990e+02
   7.5900000e+02   3.5160865e+01   1.3961384e+02
   7.6000000e+02   3.4882029e+01   1.3578985e+02
   7.6100000e+02   3.4621051e+01   1.3561882e+02
   7.6200000e+02   3.4864119e+01   1.3465966e+02
   7.6300000e+02   3.4698333e+01   1.3570603e+02
   7.6400000e+02   3.4573998e+01   1.3581986e+02
   7.7800000e+02   4.5219767e+01   1.4159823e+02
   7.7900000e+02   4.5126774e+01   1.4235184e+02
   7.8000000e+02   4.4780171e+01   1.4271792e+02
   7.8100000e+02   4.4639926e+01   1.4179392e+02
   7.8200000e+02   4.4365127e+01   1.4226453e+02
   7.8300000e+02   4.4148753e+01   1.4166460e+02
   7.8400000e+02   4.3722779e+01   1.4450641e+02
   7.8500000e+02   4.3624329e+01   1.4137058e+02
   7.8800000e+02   4.3101691e+01   1.4390199e+02
   7.8900000e+02   4.3013651e+01   1.4287006e+02
   7.9000000e+02   4.2933771e+01   1.4208460e+02
   7.9100000e+02   4.2806508e+01   1.4349497e+02
   7.9200000e+02   4.2420547e+01   1.4108106e+02
   7.9300000e+02   4.2486410e+01   1.4315197e+02
   7.9400000e+02   4.1934853e+01   1.4037123e+02
   7.9500000e+02   3.9849017e+01   1.4145259e+02
   7.9600000e+02   3.9127007e+01   1.4098846e+02
   7.9700000e+02   3.7984406e+01   1.4064564e+02
   7.9900000e+02   3.8434341e+01   1.4009463e+02
   8.0000000e+02   3.7018447e+01   1.4084165e+02
   8.0100000e+02   3.7036933e+01   1.3940223e+02
   8.0200000e+02   3.6778060e+01   1.3894482e+02
   8.0300000e+02   3.8288981e+01   1.4019992e+02
   8.0400000e+02   3.5419267e+01   1.3952192e+02
   8.0500000e+02   3.7828157e+01   1.3922604e+02
   8.0600000e+02   3.7776989e+01   1.3888044e+02
   8.0700000e+02   3.7498655e+01   1.3877954e+02
   8.0900000e+02   3.5673692e+01   1.3845682e+02
   8.1000000e+02   3.7589735e+01   1.3892028e+02
   8.1100000e+02   3.5575091e+01   1.3752878e+02
   8.1200000e+02   3.5359729e+01   1.3647031e+02
   8.1300000e+02   3.5114165e+01   1.3897387e+02
   8.1400000e+02   3.4719472e+01   1.3887647e+02
   8.1500000e+02   3.5117151e+01   1.3860997e+02
   8.1700000e+02   3.5066973e+01   1.3820998e+02
   8.1800000e+02   3.5044882e+01   1.3808168e+02
   8.1900000e+02   3.4902049e+01   1.3794681e+02
   8.2000000e+02   3.4849412e+01   1.3817674e+02
   8.2100000e+02   3.4752040e+01   1.3768078e+02
   8.2200000e+02   3.5300836e+01   1.3678882e+02
   8.2300000e+02   3.5283342e+01   1.3458821e+02
   8.2500000e+02   3.3969480e+01   1.3573518e+02
   8.2600000e+02   3.3637170e+01   1.3570879e+02
   8.3800000e+02   3.4690253e+01   1.3876279e+02
   8.4000000e+02   3.4836164e+01   1.3833122e+02
   8.4100000e+02   3.4949755e+01   1.3906990e+02
   8.4200000e+02   3.4954345e+01   1.3824990e+02
   8.4400000e+02   4.0834406e+01   1.4081054e+02
   8.4500000e+02   3.7361822e+01   1.4032439e+02
   8.4700000e+02   3.5160450e+01   1.3786876e+02
   8.4900000e+02   4.5230106e+01   1.4188179e+02
   8.5000000e+02   4.4990504e+01   1.4229226e+02
   8.5100000e+02   4.4916065e+01   1.4202178e+02
   8.5200000e+02   4.4743242e+01   1.4203872e+02
   8.5300000e+02   4.4546500e+01   1.4257117e+02
   8.5400000e+02   4.4332294e+01   1.4293584e+02
   8.5500000e+02   4.4317664e+01   1.4187217e+02
   8.5600000e+02   4.4260854e+01   1.4336459e+02
   8.5700000e+02   4.4165474e+01   1.4240090e+02
   8.5800000e+02   4.4114449e+01   1.4260125e+02
   8.5900000e+02   4.4065032e+01   1.4499350e+02
   8.6000000e+02   4.4052106e+01   1.4186075e+02
   8.6100000e+02   4.3909926e+01   1.4353416e+02
   8.6200000e+02   4.3889291e+01   1.4223654e+02
   8.6300000e+02   4.3878722e+01   1.4317670e+02
   8.6400000e+02   4.3794028e+01   1.4505686e+02
   8.6500000e+02   4.3725658e+01   1.4213231e+02
   8.6600000e+02   4.3710323e+01   1.4338108e+02
   8.6700000e+02   4.3646906e+01   1.4279441e+02
   8.6800000e+02   4.3644561e+01   1.4399173e+02
   8.6900000e+02   4.3555994e+01   1.4522037e+02
   8.7000000e+02   4.3545927e+01   1.4471904e+02
   8.7100000e+02   4.3521577e+01   1.4218761e+02
   8.7200000e+02   4.3504216e+01   1.4161677e+02
   8.7300000e+02   4.3473580e+01   1.4375386e+02
   8.7400000e+02   4.3366470e+01   1.4318705e+02
   8.7500000e+02   4.3320704e+01   1.4037828e+02
   8.7600000e+02   4.3240528e+01   1.4134596e+02
   8.7700000e+02   4.3220894e+01   1.4165203e+02
   8.7800000e+02   4.3218189e+01   1.4497073e+02
   8.7900000e+02   4.3171330e+01   1.4302776e+02
   8.8000000e+02   4.3165047e+01   1.4256703e+02
   8.8100000e+02   4.3149391e+01   1.4449650e+02
   8.8200000e+02   4.3140395e+01   1.4120329e+02
   8.8300000e+02   4.3123895e+01   1.4359770e+02
   8.8400000e+02   4.3082595e+01   1.4081112e+02
   8.8500000e+02   4.2890633e+01   1.4253226e+02
   8.8600000e+02   4.2800342e+01   1.4365554e+02
   8.8700000e+02   4.2803340e+01   1.4295369e+02
   8.8800000e+02   4.2685336e+01   1.4001178e+02
   8.8900000e+02   4.2673963e+01   1.4331280e+02
   8.9000000e+02   4.2554262e+01   1.4239592e+02
   8.9100000e+02   4.2277234e+01   1.4276795e+02
   8.9200000e+02   4.1740592e+01   1.4092933e+02
   8.9300000e+02   4.1711325e+01   1.4053503e+02
   8.9400000e+02   4.1466159e+01   1.4109447e+02
   8.9500000e+02   4.1199663e+01   1.4098381e+02
   8.9600000e+02   4.1160933e+01   1.4138569e+02
   8.9700000e+02   4.1121723e+01   1.4029353e+02
   8.9900000e+02   4.0579981e+01   1.4110602e+02
   9.0100000e+02   4.0508759e+01   1.4133199e+02
   9.0200000e+02   4.0447633e+01   1.4094159e+02
   9.0300000e+02   4.0271042e+01   1.4148486e+02
   9.0400000e+02   4.0106747e+01   1.4104646e+02
   9.0500000e+02   3.9970955e+01   1.4166218e+02
   9.0600000e+02   3.9738958e+01   1.4197022e+02
   9.0700000e+02   3.9639369e+01   1.4142613e+02
   9.0800000e+02   3.9554456e+01   1.4083632e+02
   9.0900000e+02   3.9464693e+01   1.4129300e+02
   9.1000000e+02   3.9235374e+01   1.4131167e+02
   9.1100000e+02   3.9012106e+01   1.4140085e+02
   9.1300000e+02   3.8934026e+01   1.4083319e+02
   9.1400000e+02   3.8743219e+01   1.4131786e+02
   9.1500000e+02   3.8686134e+01   1.4100433e+02
   9.1600000e+02   3.8660629e+01   1.4116072e+02
   9.1800000e+02   3.8509842e+01   1.4130440e+02
   9.1900000e+02   3.8177118e+01   1.4094369e+02
   9.2000000e+02   3.7824599e+01   1.4072766e+02
   9.2100000e+02   4.0339396e+01   1.4002757e+02
   9.2200000e+02   4.0183316e+01   1.4040815e+02
   9.2300000e+02   4.0099699e+01   1.4000550e+02
   9.2400000e+02   3.9921391e+01   1.4053586e+02
   9.2500000e+02   3.9527564e+01   1.4005393e+02
   9.2600000e+02   3.9508137e+01   1.4059609e+02
   9.2700000e+02   3.9296743e+01   1.4027893e+02
   9.2800000e+02   3.9146201e+01   1.4071505e+02
   9.2900000e+02   3.9054379e+01   1.4044733e+02
   9.3000000e+02   3.8938102e+01   1.4018347e+02
   9.3100000e+02   3.8752155e+01   1.4049726e+02
   9.3200000e+02   3.8701166e+01   1.3967453e+02
   9.3300000e+02   3.8628413e+01   1.4022051e+02
   9.3400000e+02   3.8170439e+01   1.4039388e+02
   9.3500000e+02   3.7920583e+01   1.3987941e+02
   9.3700000e+02   3.7669287e+01   1.3997266e+02
   9.3900000e+02   3.7461288e+01   1.3983552e+02
   9.4000000e+02   3.7444870e+01   1.4046403e+02
   9.4100000e+02   3.7326209e+01   1.3968635e+02
   9.4200000e+02   3.7293040e+01   1.4021275e+02
   9.4300000e+02   3.7210561e+01   1.4045097e+02
   9.4400000e+02   3.7183090e+01   1.4071600e+02
   9.4500000e+02   3.7023580e+01   1.4037627e+02
   9.4600000e+02   3.6932619e+01   1.4069015e+02
   9.4900000e+02   3.6872246e+01   1.3950531e+02
   9.5000000e+02   3.6537631e+01   1.3975279e+02
   9.5100000e+02   3.6456579e+01   1.3990251e+02
   9.5200000e+02   3.6837353e+01   1.3906085e+02
   9.5400000e+02   3.6591375e+01   1.3884789e+02
   9.5500000e+02   3.6395345e+01   1.3901671e+02
   9.5600000e+02   3.6267690e+01   1.3925464e+02
   9.5800000e+02   3.5929926e+01   1.3892605e+02
   9.5900000e+02   3.5143801e+01   1.3996847e+02
   9.6000000e+02   3.5391486e+01   1.3936606e+02
   9.6100000e+02   3.7540340e+01   1.3911145e+02
   9.6200000e+02   3.7212112e+01   1.3863460e+02
   9.6300000e+02   3.7157615e+01   1.3924711e+02
   9.6400000e+02   3.7107084e+01   1.3845736e+02
   9.6500000e+02   3.6778955e+01   1.4029649e+02
   9.6600000e+02   3.6919506e+01   1.3702643e+02
   9.6700000e+02   3.6864343e+01   1.3755133e+02
   9.6800000e+02   3.6757949e+01   1.3715447e+02
   9.6900000e+02   3.6592089e+01   1.3680640e+02
   9.7000000e+02   3.6472798e+01   1.3723922e+02
   9.7100000e+02   3.7432257e+01   1.3703394e+02
   9.7200000e+02   3.7226435e+01   1.3690877e+02
   9.7300000e+02   3.6537264e+01   1.3654067e+02
   9.7400000e+02   3.6229562e+01   1.3636165e+02
   9.7500000e+02   3.6109732e+01   1.3604895e+02
   9.7600000e+02   3.5901413e+01   1.3665774e+02
   9.7700000e+02   3.5888215e+01   1.3633958e+02
   9.7800000e+02   3.5486571e+01   1.3575564e+02
   9.7900000e+02   3.5904931e+01   1.3844422e+02
   9.8000000e+02   3.5753869e+01   1.3894999e+02
   9.8100000e+02   3.5467690e+01   1.3860687e+02
   9.8200000e+02   3.6856685e+01   1.3862425e+02
   9.8300000e+02   3.6706645e+01   1.3809673e+02
   9.8400000e+02   3.6523602e+01   1.3812095e+02
   9.8500000e+02   3.6260986e+01   1.3836604e+02
   9.8600000e+02   3.5944600e+01   1.3778544e+02
   9.8700000e+02   3.5878417e+01   1.3809571e+02
   9.8800000e+02   3.5815551e+01   1.3745088e+02
   9.8900000e+02   3.5661227e+01   1.3762016e+02
   9.9000000e+02   3.6140262e+01   1.3708053e+02
   9.9100000e+02   3.5723486e+01   1.3678462e+02
   9.9200000e+02   3.5523127e+01   1.3730909e+02
   9.9300000e+02   3.5480058e+01   1.3654529e+02
   9.9400000e+02   3.5300549e+01   1.3725232e+02
   9.9500000e+02   3.5100021e+01   1.3757533e+02
   9.9600000e+02   3.4917339e+01   1.3715239e+02
   9.9700000e+02   3.4785913e+01   1.3733877e+02
   9.9800000e+02   3.4740050e+01   1.3693848e+02
   9.9900000e+02   3.4420324e+01   1.3647446e+02
   1.0000000e+03   3.3877000e+01   1.3592830e+02
   1.0010000e+03   3.5419523e+01   1.3508765e+02
   1.0020000e+03   3.5333458e+01   1.3534070e+02
   1.0030000e+03   3.5155181e+01   1.3563421e+02
   1.0040000e+03   3.4326461e+01   1.3521994e+02
   1.0060000e+03   3.4760422e+01   1.3437611e+02
   1.0070000e+03   3.4710644e+01   1.3604189e+02
   1.0080000e+03   3.4493870e+01   1.3617315e+02
   1.0090000e+03   3.4292926e+01   1.3600264e+02
   1.0100000e+03   3.4241964e+01   1.3585479e+02
   1.0110000e+03   3.3940794e+01   1.3555401e+02
   1.0120000e+03   3.3668757e+01   1.3588209e+02
   1.0130000e+03   3.3658343e+01   1.3553384e+02
   1.1010000e+03   3.5104760e+01   1.3650376e+02
   1.1020000e+03   3.5322073e+01   1.3818578e+02
   1.1030000e+03   3.4967479e+01   1.3742313e+02
   1.1040000e+03   3.4543912e+01   1.3698175e+02
   1.1050000e+03   3.4373578e+01   1.3680200e+02
   1.1060000e+03   3.4297926e+01   1.3638849e+02
   1.1070000e+03   3.3932947e+01   1.3613997e+02
   1.1080000e+03   3.4155846e+01   1.3574346e+02
   1.1090000e+03   3.4090848e+01   1.3529034e+02
   1.1100000e+03   3.3854498e+01   1.3539913e+02
   1.1110000e+03   3.3799081e+01   1.3587109e+02
   1.1120000e+03   3.3647249e+01   1.3540600e+02
   1.1130000e+03   3.3520079e+01   1.3583414e+02
   1.1280000e+03   3.5405132e+01   1.3672875e+02
   1.1290000e+03   3.4603333e+01   1.3643194e+02
   1.1300000e+03   3.3747603e+01   1.3558993e+02
   1.1360000e+03   3.4702115e+01   1.3763688e+02
   1.1390000e+03   3.4285070e+01   1.3654048e+02
   1.1430000e+03   3.4930732e+01   1.3629557e+02
   1.1440000e+03   3.4970565e+01   1.3879466e+02
   1.1460000e+03   3.4085497e+01   1.3542611e+02
   1.1480000e+03   3.4490000e+01   1.3672823e+02
   1.1490000e+03   3.4296609e+01   1.3669319e+02
   1.1500000e+03   4.2557932e+01   1.4089880e+02
   1.1540000e+03   3.3769403e+01   1.3530531e+02
   1.1550000e+03   3.3660803e+01   1.3597060e+02
   1.1580000e+03   3.7000718e+01   1.3677271e+02
   1.1600000e+03   3.4672311e+01   1.3772338e+02
   1.1610000e+03   3.4680380e+01   1.3744245e+02
   1.1620000e+03   3.8511195e+01   1.3953382e+02
   1.1670000e+03   3.5535624e+01   1.3449150e+02
   1.1700000e+03   3.5206648e+01   1.3577481e+02
   1.1710000e+03   3.5758027e+01   1.3964454e+02
   1.1730000e+03   4.1833997e+01   1.4114218e+02
   1.1740000e+03   4.0575183e+01   1.4029499e+02
   1.1750000e+03   4.0921154e+01   1.4099023e+02
   1.1760000e+03   3.7336696e+01   1.4080845e+02
   1.1780000e+03   3.4603152e+01   1.3821525e+02
   1.1790000e+03   3.8257749e+01   1.4075470e+02
   2.0050000e+03   4.3528644e+01   1.4184482e+02
   2.1060000e+03   3.5006851e+01   1.3908197e+02
   2.1070000e+03   3.4971862e+01   1.3910169e+02
   2.1100000e+03   3.6106113e+01   1.4008719e+02
   3.0010000e+03   3.6295161e+01   1.3954230e+02
   3.0020000e+03   3.6263267e+01   1.4017426e+02
   3.0030000e+03   3.6203670e+01   1.3981053e+02
   3.0040000e+03   3.6181305e+01   1.4054448e+02
   3.0050000e+03   3.6120950e+01   1.3934517e+02
   3.0060000e+03   3.6096935e+01   1.4034315e+02
   3.0070000e+03   3.6087226e+01   1.3963672e+02
   3.0080000e+03   3.6010895e+01   1.3979993e+02
   3.0090000e+03   3.5955453e+01   1.4065924e+02
   3.0100000e+03   3.5970407e+01   1.4040295e+02
   3.0110000e+03   3.5925503e+01   1.3946429e+02
   3.0120000e+03   3.5940290e+01   1.3999272e+02
   3.0130000e+03   3.5937469e+01   1.3965186e+02
   3.0140000e+03   3.5873646e+01   1.4014549e+02
   3.0150000e+03   3.5803328e+01   1.4040701e+02
   3.0160000e+03   3.5780212e+01   1.3981281e+02
   3.0180000e+03   3.5786464e+01   1.4002476e+02
   3.0190000e+03   3.5710369e+01   1.3948826e+02
   3.0200000e+03   3.5717451e+01   1.4031515e+02
   3.0210000e+03   3.5777301e+01   1.4064682e+02
   3.0220000e+03   3.5726354e+01   1.4083723e+02
   3.0230000e+03   3.5675462e+01   1.3990235e+02
   3.0240000e+03   3.5642352e+01   1.4044830e+02
   3.0250000e+03   3.5544142e+01   1.4018656e+02
   3.0260000e+03   3.5563401e+01   1.3967335e+02
   3.0270000e+03   3.5530114e+01   1.4031824e+02
   3.0280000e+03   3.5521407e+01   1.3946784e+02
   3.0290000e+03   3.5482639e+01   1.3932258e+02
   3.0300000e+03   3.5447782e+01   1.4005133e+02
   3.0310000e+03   3.5415349e+01   1.3904518e+02
   3.0320000e+03   3.5436483e+01   1.3965375e+02
   3.0330000e+03   3.5421125e+01   1.4033737e+02
   3.0340000e+03   3.5326680e+01   1.3946607e+02
   3.0350000e+03   3.5304898e+01   1.3926269e+02
   3.0360000e+03   3.5311701e+01   1.3982552e+02
   3.0370000e+03   3.5333138e+01   1.4014679e+02
   3.0380000e+03   3.5321602e+01   1.3888165e+02
   3.0410000e+03   3.5165899e+01   1.4026802e+02
   3.0420000e+03   3.5148603e+01   1.3911044e+02
   3.0430000e+03   3.5110014e+01   1.3890186e+02
   3.0440000e+03   3.5111859e+01   1.4007927e+02
   3.0460000e+03   3.5014826e+01   1.3899793e+02
   3.0470000e+03   3.4954082e+01   1.3986408e+02
   3.0480000e+03   3.4939305e+01   1.3913116e+02
   3.0490000e+03   3.4916113e+01   1.3892482e+02
   3.0500000e+03   3.4835330e+01   1.3767234e+02
   3.0510000e+03   3.4784417e+01   1.3938139e+02
   3.0520000e+03   3.4785947e+01   1.3801753e+02
   3.0530000e+03   3.4751348e+01   1.3898982e+02
   3.0550000e+03   3.4686784e+01   1.3943322e+02
   3.0570000e+03   3.4371824e+01   1.3925791e+02
   3.0580000e+03   3.4200476e+01   1.3913445e+02
   3.0590000e+03   3.4121067e+01   1.3950385e+02
   3.0600000e+03   3.4059110e+01   1.3954715e+02
   3.0610000e+03   3.4921819e+01   1.3901369e+02
   3.0620000e+03   3.4878473e+01   1.3912436e+02
   3.0630000e+03   3.5723756e+01   1.3926813e+02
   3.0640000e+03   3.5623347e+01   1.3897585e+02
   3.0650000e+03   3.5610272e+01   1.3915723e+02
   3.0660000e+03   3.5428517e+01   1.3920487e+02
   3.0670000e+03   3.5267092e+01   1.3966484e+02
   3.0680000e+03   3.5245514e+01   1.3904934e+02
   3.0690000e+03   3.5443578e+01   1.3844525e+02
   3.0700000e+03   3.5496587e+01   1.3881404e+02
   3.0710000e+03   3.5362076e+01   1.3856343e+02
   3.0730000e+03   3.5289460e+01   1.3844570e+02
   3.0740000e+03   3.5200977e+01   1.3825351e+02
   3.0750000e+03   3.5203182e+01   1.3861699e+02
   3.0760000e+03   3.5173588e+01   1.3872154e+02
   3.0770000e+03   3.5067406e+01   1.3852471e+02
   3.0780000e+03   3.5103457e+01   1.3836870e+02
   3.0790000e+03   3.5103910e+01   1.3813490e+02
   3.0810000e+03   3.4990523e+01   1.3837830e+02
   3.0840000e+03   3.5079291e+01   1.3769524e+02
   3.0850000e+03   3.4776074e+01   1.3878606e+02
   3.0860000e+03   3.4609999e+01   1.3883842e+02
   3.0880000e+03   3.4939795e+01   1.3807486e+02
   3.0890000e+03   3.4843856e+01   1.3793215e+02
   3.0900000e+03   3.4941343e+01   1.3781794e+02
   3.0910000e+03   3.4757755e+01   1.3813692e+02
   3.0920000e+03   3.4738307e+01   1.3822560e+02
   3.0930000e+03   3.4715250e+01   1.3805354e+02
   3.0940000e+03   3.4642901e+01   1.3812929e+02
   3.0950000e+03   3.4670419e+01   1.3793744e+02
   3.0960000e+03   3.4755392e+01   1.3791128e+02
   3.0970000e+03   3.4792835e+01   1.3779179e+02
   3.0980000e+03   3.4671881e+01   1.3782342e+02
   3.0990000e+03   3.4937674e+01   1.3757549e+02
   3.1020000e+03   3.4864814e+01   1.3743400e+02
   3.1030000e+03   3.4808725e+01   1.3755434e+02
   3.1040000e+03   3.4718051e+01   1.3751494e+02
   5.1050000e+03   3.5040626e+01   1.3917103e+02
